"","UI","DEI","EWNY","URP","UTS","MP"
"UI",1,0.362,0.1576,0.1005,0.1124,-0.1122
"DEI",0.362,1,0.2513,0.0933,0.1043,-0.1819
"EWNY",0.1576,0.2513,1,-0.0606,0.0962,-0.0844
"URP",0.1005,0.0933,-0.0606,1,0.1387,-0.4559
"UTS",0.1124,0.1043,0.0962,0.1387,1,0.1615
"MP",-0.1122,-0.1819,-0.0844,-0.4559,0.1615,1
